# 0 (frozenset([0, 1, 5, 8, 7]), frozenset([9, 2, 3, 4, 6])) 0.825264329438
# 1 (frozenset([0, 9, 3, 5, 7]), frozenset([8, 1, 2, 4, 6])) 0.950473010573
# 2 (frozenset([1, 3, 5, 6, 9]), frozenset([0, 8, 2, 4, 7])) 0.755147468002
# 3 (frozenset([0, 8, 2, 6, 7]), frozenset([1, 3, 4, 5, 9])) 0.831942125765
# 4 (frozenset([0, 8, 2, 9, 7]), frozenset([1, 3, 4, 5, 6])) 0.872565386756
# 5 (frozenset([8, 1, 7, 4, 9]), frozenset([0, 2, 3, 5, 6])) 0.83917640512
# 6 (frozenset([2, 3, 4, 5, 7]), frozenset([0, 1, 9, 6, 8])) 0.855870895938
# 7 (frozenset([0, 4, 5, 6, 7]), frozenset([8, 1, 2, 3, 9])) 0.944351697273
# 8 (frozenset([8, 9, 2, 3, 6]), frozenset([0, 1, 4, 5, 7])) 0.813021702838
# 9 (frozenset([0, 1, 2, 4, 7]), frozenset([8, 9, 3, 5, 6])) 0.889816360601
# 10 (frozenset([8, 1, 4, 6, 9]), frozenset([0, 2, 3, 5, 7])) 0.923205342237
# 11 (frozenset([1, 7, 5, 6, 9]), frozenset([0, 8, 2, 3, 4])) 0.745687256539
# 12 (frozenset([0, 1, 2, 3, 8]), frozenset([9, 4, 5, 6, 7])) 0.890372843628
# 13 (frozenset([8, 3, 5, 6, 7]), frozenset([0, 1, 2, 4, 9])) 0.861992209238
# 14 (frozenset([8, 2, 3, 4, 7]), frozenset([0, 1, 5, 6, 9])) 0.751252086811
# 15 (frozenset([8, 1, 3, 4, 5]), frozenset([0, 9, 2, 6, 7])) 0.828046744574
# 16 (frozenset([8, 1, 2, 5, 6]), frozenset([0, 9, 3, 4, 7])) 0.930996104619
# 17 (frozenset([0, 9, 2, 4, 7]), frozenset([8, 1, 3, 5, 6])) 0.862548692265
# 18 (frozenset([1, 2, 4, 5, 6]), frozenset([0, 8, 3, 9, 7])) 0.909849749583
# 19 (frozenset([1, 2, 7, 6, 9]), frozenset([0, 8, 3, 4, 5])) 0.787979966611
# 20 (frozenset([0, 8, 3, 6, 9]), frozenset([1, 2, 4, 5, 7])) 0.89204229271
# 21 (frozenset([0, 3, 5, 6, 7]), frozenset([8, 1, 2, 4, 9])) 0.879243183083
# 22 (frozenset([0, 8, 2, 3, 5]), frozenset([1, 7, 4, 6, 9])) 0.864218141347
# 23 (frozenset([8, 9, 4, 6, 7]), frozenset([0, 1, 2, 3, 5])) 0.856427378965
# 24 (frozenset([1, 2, 4, 6, 9]), frozenset([0, 8, 3, 5, 7])) 0.843628269338
# 25 (frozenset([8, 4, 5, 6, 7]), frozenset([0, 1, 2, 3, 9])) 0.902615470228
# 26 (frozenset([8, 9, 2, 4, 7]), frozenset([0, 1, 3, 5, 6])) 0.846967167501
# 27 (frozenset([0, 9, 2, 5, 6]), frozenset([8, 1, 3, 4, 7])) 0.874234835838
# 28 (frozenset([0, 2, 4, 5, 7]), frozenset([8, 1, 3, 6, 9])) 0.863661658319
# 29 (frozenset([0, 1, 4, 5, 8]), frozenset([9, 2, 3, 6, 7])) 0.848636616583
# 30 (frozenset([0, 8, 5, 6, 7]), frozenset([1, 2, 3, 4, 9])) 0.64162493044
# 31 (frozenset([0, 8, 2, 4, 6]), frozenset([7, 1, 3, 5, 9])) 0.89204229271
# 32 (frozenset([9, 2, 3, 5, 7]), frozenset([0, 1, 4, 6, 8])) 0.942682248191
# 33 (frozenset([9, 3, 4, 6, 7]), frozenset([0, 1, 2, 5, 8])) 0.864218141347
# 34 (frozenset([0, 9, 4, 6, 7]), frozenset([8, 1, 2, 3, 5])) 0.918753478019
# 35 (frozenset([0, 2, 3, 4, 7]), frozenset([8, 1, 5, 6, 9])) 0.807456872565
# 36 (frozenset([8, 1, 4, 6, 7]), frozenset([0, 9, 2, 3, 5])) 0.914858096828
# 37 (frozenset([8, 9, 3, 4, 5]), frozenset([0, 1, 2, 6, 7])) 0.834724540902
# 38 (frozenset([0, 8, 2, 5, 7]), frozenset([1, 3, 4, 6, 9])) 0.794657762938
# 39 (frozenset([0, 8, 9, 5, 7]), frozenset([1, 2, 3, 4, 6])) 0.86143572621
# 40 (frozenset([0, 1, 2, 3, 7]), frozenset([8, 9, 4, 5, 6])) 0.862548692265
# 41 (frozenset([8, 1, 2, 4, 7]), frozenset([0, 9, 3, 5, 6])) 0.917084028937
# 42 (frozenset([8, 9, 2, 4, 5]), frozenset([0, 1, 3, 6, 7])) 0.776850306066
# 43 (frozenset([0, 8, 2, 4, 9]), frozenset([1, 3, 5, 6, 7])) 0.850306065665
# 44 (frozenset([8, 1, 2, 6, 9]), frozenset([0, 3, 4, 5, 7])) 0.897050639955
# 45 (frozenset([8, 1, 3, 5, 9]), frozenset([0, 2, 4, 6, 7])) 0.902615470228
# 46 (frozenset([0, 8, 2, 3, 9]), frozenset([1, 4, 5, 6, 7])) 0.933778519755
# 47 (frozenset([7, 1, 3, 4, 9]), frozenset([0, 8, 2, 5, 6])) 0.903171953255
# 48 (frozenset([1, 3, 4, 5, 7]), frozenset([0, 8, 2, 6, 9])) 0.868113522538
# 49 (frozenset([8, 1, 2, 4, 5]), frozenset([0, 9, 3, 6, 7])) 0.867000556483
# 50 (frozenset([0, 1, 4, 6, 9]), frozenset([8, 2, 3, 5, 7])) 0.893155258765
# 51 (frozenset([1, 3, 4, 6, 7]), frozenset([0, 8, 2, 5, 9])) 0.864218141347
# 52 (frozenset([0, 1, 4, 8, 9]), frozenset([2, 3, 5, 6, 7])) 0.926544240401
# 53 (frozenset([9, 2, 4, 5, 6]), frozenset([0, 1, 3, 8, 7])) 0.794657762938
# 54 (frozenset([1, 2, 3, 5, 6]), frozenset([0, 8, 4, 9, 7])) 0.920422927101
# 55 (frozenset([1, 2, 7, 5, 9]), frozenset([0, 8, 3, 4, 6])) 0.824151363383
# 56 (frozenset([8, 2, 3, 4, 6]), frozenset([0, 1, 9, 5, 7])) 0.769616026711
# 57 (frozenset([1, 2, 3, 5, 7]), frozenset([0, 8, 4, 6, 9])) 0.887033945465
# 58 (frozenset([0, 1, 2, 5, 6]), frozenset([8, 9, 3, 4, 7])) 0.693377851976
# 59 (frozenset([0, 9, 3, 4, 5]), frozenset([8, 1, 2, 6, 7])) 0.844184752365
# 60 (frozenset([0, 1, 2, 4, 5]), frozenset([8, 9, 3, 6, 7])) 0.686700055648
# 61 (frozenset([0, 1, 2, 3, 4]), frozenset([8, 9, 5, 6, 7])) 0.844741235392
# 62 (frozenset([0, 8, 5, 6, 9]), frozenset([1, 2, 3, 4, 7])) 0.883138564274
# 63 (frozenset([9, 3, 4, 5, 7]), frozenset([0, 1, 2, 6, 8])) 0.901502504174
# 64 (frozenset([0, 9, 2, 3, 6]), frozenset([8, 1, 4, 5, 7])) 0.893711741792
# 65 (frozenset([0, 9, 3, 4, 6]), frozenset([8, 1, 2, 5, 7])) 0.895381190874
# 66 (frozenset([0, 9, 2, 3, 7]), frozenset([8, 1, 4, 5, 6])) 0.782971619366
# 67 (frozenset([1, 7, 4, 5, 9]), frozenset([0, 8, 2, 3, 6])) 0.917640511964
# 68 (frozenset([8, 2, 3, 4, 5]), frozenset([0, 1, 9, 6, 7])) 0.695603784085
# 69 (frozenset([9, 2, 4, 6, 7]), frozenset([0, 1, 3, 5, 8])) 0.813021702838
# 70 (frozenset([8, 9, 2, 3, 4]), frozenset([0, 1, 5, 6, 7])) 0.727879799666
# 71 (frozenset([8, 2, 4, 5, 7]), frozenset([0, 1, 3, 6, 9])) 0.813021702838
# 72 (frozenset([0, 8, 9, 6, 7]), frozenset([1, 2, 3, 4, 5])) 0.836950473011
# 73 (frozenset([0, 8, 3, 5, 6]), frozenset([1, 2, 7, 4, 9])) 0.896494156928
# 74 (frozenset([0, 2, 3, 4, 5]), frozenset([8, 1, 7, 6, 9])) 0.717306622148
# 75 (frozenset([0, 1, 4, 6, 7]), frozenset([8, 9, 2, 3, 5])) 0.910962715637
# 76 (frozenset([1, 2, 4, 6, 7]), frozenset([0, 8, 3, 5, 9])) 0.924874791319
# 77 (frozenset([8, 9, 2, 3, 7]), frozenset([0, 1, 4, 5, 6])) 0.909849749583
# 78 (frozenset([0, 8, 3, 6, 7]), frozenset([1, 2, 4, 5, 9])) 0.842515303283
# 79 (frozenset([0, 1, 4, 9, 7]), frozenset([8, 2, 3, 5, 6])) 0.914858096828
# 80 (frozenset([0, 9, 2, 4, 5]), frozenset([8, 1, 3, 6, 7])) 0.691708402894
# 81 (frozenset([0, 1, 2, 8, 7]), frozenset([9, 3, 4, 5, 6])) 0.83305509182
# 82 (frozenset([8, 1, 2, 3, 4]), frozenset([0, 9, 5, 6, 7])) 0.883695047301
# 83 (frozenset([0, 9, 2, 3, 4]), frozenset([8, 1, 5, 6, 7])) 0.872008903728
# 84 (frozenset([0, 8, 4, 5, 7]), frozenset([1, 2, 3, 6, 9])) 0.856983861992
# 85 (frozenset([0, 8, 4, 5, 6]), frozenset([7, 1, 2, 3, 9])) 0.785754034502
# 86 (frozenset([8, 3, 4, 5, 6]), frozenset([0, 1, 2, 9, 7])) 0.68224819143
# 87 (frozenset([0, 8, 4, 5, 9]), frozenset([1, 2, 3, 6, 7])) 0.883695047301
# 88 (frozenset([0, 2, 5, 6, 7]), frozenset([8, 1, 3, 4, 9])) 0.902615470228
# 89 (frozenset([0, 1, 2, 5, 9]), frozenset([8, 3, 4, 6, 7])) 0.844184752365
# 90 (frozenset([8, 1, 3, 7, 9]), frozenset([0, 2, 4, 5, 6])) 0.912632164719
# 91 (frozenset([8, 1, 2, 5, 9]), frozenset([0, 3, 4, 6, 7])) 0.691151919866
# 92 (frozenset([0, 1, 3, 8, 9]), frozenset([2, 4, 5, 6, 7])) 0.923761825264
# 93 (frozenset([7, 1, 3, 6, 9]), frozenset([0, 8, 2, 4, 5])) 0.755703951029
# 94 (frozenset([0, 1, 3, 5, 7]), frozenset([8, 9, 2, 4, 6])) 0.789092932666
# 95 (frozenset([8, 9, 3, 4, 6]), frozenset([0, 1, 2, 5, 7])) 0.858096828047
# 96 (frozenset([0, 1, 2, 6, 9]), frozenset([8, 3, 4, 5, 7])) 0.840845854201
# 97 (frozenset([0, 1, 5, 6, 8]), frozenset([9, 2, 3, 4, 7])) 0.813021702838
# 98 (frozenset([9, 2, 3, 5, 6]), frozenset([0, 1, 4, 8, 7])) 0.850306065665
# 99 (frozenset([0, 1, 8, 6, 7]), frozenset([9, 2, 3, 4, 5])) 0.716750139121
# 100 (frozenset([8, 1, 2, 3, 6]), frozenset([0, 9, 4, 5, 7])) 0.946021146355
# 101 (frozenset([0, 3, 4, 5, 6]), frozenset([8, 1, 2, 7, 9])) 0.79020589872
# 102 (frozenset([0, 1, 3, 4, 5]), frozenset([8, 9, 2, 6, 7])) 0.810239287702
# 103 (frozenset([0, 1, 3, 5, 9]), frozenset([8, 2, 4, 6, 7])) 0.677796327212
# 104 (frozenset([2, 3, 4, 6, 7]), frozenset([0, 1, 5, 8, 9])) 0.886477462437
# 105 (frozenset([1, 2, 3, 5, 9]), frozenset([0, 8, 4, 6, 7])) 0.846410684474
# 106 (frozenset([0, 1, 3, 6, 8]), frozenset([9, 2, 4, 5, 7])) 0.648302726767
# 107 (frozenset([0, 1, 2, 8, 9]), frozenset([3, 4, 5, 6, 7])) 0.855870895938
# 108 (frozenset([8, 1, 3, 4, 6]), frozenset([0, 9, 2, 5, 7])) 0.87979966611
# 109 (frozenset([0, 2, 3, 6, 7]), frozenset([8, 1, 4, 5, 9])) 0.872565386756
# 110 (frozenset([0, 1, 3, 4, 6]), frozenset([8, 9, 2, 5, 7])) 0.859209794101
# 111 (frozenset([0, 1, 2, 3, 6]), frozenset([8, 9, 4, 5, 7])) 0.860879243183
# 112 (frozenset([8, 2, 5, 6, 7]), frozenset([0, 1, 3, 4, 9])) 0.828046744574
# 113 (frozenset([0, 8, 3, 4, 9]), frozenset([1, 2, 5, 6, 7])) 0.884251530328
# 114 (frozenset([8, 9, 2, 5, 6]), frozenset([0, 1, 3, 4, 7])) 0.791318864775
# 115 (frozenset([8, 1, 3, 5, 7]), frozenset([0, 9, 2, 4, 6])) 0.86755703951
# 116 (frozenset([0, 8, 3, 4, 7]), frozenset([1, 2, 5, 6, 9])) 0.806343906511
# 117 (frozenset([8, 9, 3, 5, 7]), frozenset([0, 1, 2, 4, 6])) 0.762381747357
# 118 (frozenset([1, 4, 5, 6, 9]), frozenset([0, 8, 2, 3, 7])) 0.787423483584
# 119 (frozenset([0, 2, 3, 4, 6]), frozenset([8, 1, 7, 5, 9])) 0.781302170284
# 120 (frozenset([8, 1, 2, 3, 7]), frozenset([0, 9, 4, 5, 6])) 0.930996104619
# 121 (frozenset([0, 1, 3, 9, 7]), frozenset([8, 2, 4, 5, 6])) 0.869782971619
# 122 (frozenset([8, 2, 3, 6, 7]), frozenset([0, 1, 4, 5, 9])) 0.888146911519
# 123 (frozenset([0, 1, 3, 4, 8]), frozenset([9, 2, 5, 6, 7])) 0.789092932666
# 124 (frozenset([2, 3, 4, 5, 6]), frozenset([0, 1, 9, 8, 7])) 0.751252086811
# 125 (frozenset([0, 1, 2, 4, 8]), frozenset([9, 3, 5, 6, 7])) 0.905954368392
[((frozenset([0, 5, 6, 7, 8]), frozenset([1, 2, 3, 4, 9])),
  0.64162493043962154),
 ((frozenset([0, 1, 3, 6, 8]), frozenset([2, 4, 5, 7, 9])),
  0.64830272676683365),
 ((frozenset([0, 1, 3, 5, 9]), frozenset([2, 4, 6, 7, 8])),
  0.67779632721201999),
 ((frozenset([3, 4, 5, 6, 8]), frozenset([0, 1, 2, 7, 9])),
  0.68224819143016135),
 ((frozenset([0, 1, 2, 4, 5]), frozenset([3, 6, 7, 8, 9])),
  0.68670005564830272),
 ((frozenset([1, 2, 5, 8, 9]), frozenset([0, 3, 4, 6, 7])),
  0.69115191986644409),
 ((frozenset([0, 2, 4, 5, 9]), frozenset([1, 3, 6, 7, 8])),
  0.69170840289371172),
 ((frozenset([0, 1, 2, 5, 6]), frozenset([3, 4, 7, 8, 9])),
  0.69337785197551471),
 ((frozenset([2, 3, 4, 5, 8]), frozenset([0, 1, 6, 7, 9])),
  0.69560378408458545),
 ((frozenset([0, 1, 6, 7, 8]), frozenset([2, 3, 4, 5, 9])),
  0.7167501391207568),
 ((frozenset([0, 2, 3, 4, 5]), frozenset([1, 6, 7, 8, 9])),
  0.71730662214802443),
 ((frozenset([2, 3, 4, 8, 9]), frozenset([0, 1, 5, 6, 7])),
  0.72787979966611016),
 ((frozenset([1, 5, 6, 7, 9]), frozenset([0, 2, 3, 4, 8])),
  0.74568725653867562),
 ((frozenset([2, 3, 4, 7, 8]), frozenset([0, 1, 5, 6, 9])),
  0.75125208681135225),
 ((frozenset([2, 3, 4, 5, 6]), frozenset([0, 1, 7, 8, 9])),
  0.75125208681135225),
 ((frozenset([1, 3, 5, 6, 9]), frozenset([0, 2, 4, 7, 8])),
  0.75514746800222599),
 ((frozenset([1, 3, 6, 7, 9]), frozenset([0, 2, 4, 5, 8])),
  0.75570395102949361),
 ((frozenset([3, 5, 7, 8, 9]), frozenset([0, 1, 2, 4, 6])),
  0.76238174735670561),
 ((frozenset([2, 3, 4, 6, 8]), frozenset([0, 1, 5, 7, 9])),
  0.76961602671118534),
 ((frozenset([2, 4, 5, 8, 9]), frozenset([0, 1, 3, 6, 7])),
  0.77685030606566496),
 ((frozenset([0, 2, 3, 4, 6]), frozenset([1, 5, 7, 8, 9])),
  0.78130217028380633),
 ((frozenset([0, 2, 3, 7, 9]), frozenset([1, 4, 5, 6, 8])),
  0.78297161936560933),
 ((frozenset([0, 4, 5, 6, 8]), frozenset([1, 2, 3, 7, 9])),
  0.7857540345019477),
 ((frozenset([1, 4, 5, 6, 9]), frozenset([0, 2, 3, 7, 8])),
  0.78742348358375069),
 ((frozenset([1, 2, 6, 7, 9]), frozenset([0, 3, 4, 5, 8])),
  0.78797996661101832),
 ((frozenset([0, 1, 3, 5, 7]), frozenset([2, 4, 6, 8, 9])),
  0.78909293266555369),
 ((frozenset([0, 1, 3, 4, 8]), frozenset([2, 5, 6, 7, 9])),
  0.78909293266555369),
 ((frozenset([0, 3, 4, 5, 6]), frozenset([1, 2, 7, 8, 9])),
  0.79020589872008906),
 ((frozenset([2, 5, 6, 8, 9]), frozenset([0, 1, 3, 4, 7])),
  0.79131886477462432),
 ((frozenset([0, 2, 5, 7, 8]), frozenset([1, 3, 4, 6, 9])),
  0.79465776293823043),
 ((frozenset([2, 4, 5, 6, 9]), frozenset([0, 1, 3, 7, 8])),
  0.79465776293823043),
 ((frozenset([0, 3, 4, 7, 8]), frozenset([1, 2, 5, 6, 9])),
  0.80634390651085142),
 ((frozenset([0, 2, 3, 4, 7]), frozenset([1, 5, 6, 8, 9])),
  0.80745687256538679),
 ((frozenset([0, 1, 3, 4, 5]), frozenset([2, 6, 7, 8, 9])),
  0.81023928770172515),
 ((frozenset([2, 3, 6, 8, 9]), frozenset([0, 1, 4, 5, 7])),
  0.81302170283806341),
 ((frozenset([2, 4, 6, 7, 9]), frozenset([0, 1, 3, 5, 8])),
  0.81302170283806341),
 ((frozenset([2, 4, 5, 7, 8]), frozenset([0, 1, 3, 6, 9])),
  0.81302170283806341),
 ((frozenset([0, 1, 5, 6, 8]), frozenset([2, 3, 4, 7, 9])),
  0.81302170283806341),
 ((frozenset([1, 2, 5, 7, 9]), frozenset([0, 3, 4, 6, 8])),
  0.82415136338341677),
 ((frozenset([0, 1, 5, 7, 8]), frozenset([2, 3, 4, 6, 9])),
  0.82526432943795214),
 ((frozenset([1, 3, 4, 5, 8]), frozenset([0, 2, 6, 7, 9])),
  0.82804674457429051),
 ((frozenset([2, 5, 6, 7, 8]), frozenset([0, 1, 3, 4, 9])),
  0.82804674457429051),
 ((frozenset([0, 2, 6, 7, 8]), frozenset([1, 3, 4, 5, 9])),
  0.83194212576516413),
 ((frozenset([0, 1, 2, 7, 8]), frozenset([3, 4, 5, 6, 9])),
  0.8330550918196995),
 ((frozenset([3, 4, 5, 8, 9]), frozenset([0, 1, 2, 6, 7])),
  0.8347245409015025),
 ((frozenset([0, 6, 7, 8, 9]), frozenset([1, 2, 3, 4, 5])),
  0.83695047301057313),
 ((frozenset([1, 4, 7, 8, 9]), frozenset([0, 2, 3, 5, 6])),
  0.83917640511964386),
 ((frozenset([0, 1, 2, 6, 9]), frozenset([3, 4, 5, 7, 8])),
  0.84084585420144686),
 ((frozenset([0, 3, 6, 7, 8]), frozenset([1, 2, 4, 5, 9])),
  0.84251530328324986),
 ((frozenset([1, 2, 4, 6, 9]), frozenset([0, 3, 5, 7, 8])),
  0.84362826933778523),
 ((frozenset([0, 3, 4, 5, 9]), frozenset([1, 2, 6, 7, 8])),
  0.84418475236505286),
 ((frozenset([0, 1, 2, 5, 9]), frozenset([3, 4, 6, 7, 8])),
  0.84418475236505286),
 ((frozenset([0, 1, 2, 3, 4]), frozenset([5, 6, 7, 8, 9])),
  0.84474123539232049),
 ((frozenset([1, 2, 3, 5, 9]), frozenset([0, 4, 6, 7, 8])),
  0.84641068447412349),
 ((frozenset([2, 4, 7, 8, 9]), frozenset([0, 1, 3, 5, 6])),
  0.84696716750139123),
 ((frozenset([0, 1, 4, 5, 8]), frozenset([2, 3, 6, 7, 9])),
  0.84863661658319423),
 ((frozenset([0, 2, 4, 8, 9]), frozenset([1, 3, 5, 6, 7])),
  0.85030606566499722),
 ((frozenset([2, 3, 5, 6, 9]), frozenset([0, 1, 4, 7, 8])),
  0.85030606566499722),
 ((frozenset([2, 3, 4, 5, 7]), frozenset([0, 1, 6, 8, 9])),
  0.85587089593767385),
 ((frozenset([0, 1, 2, 8, 9]), frozenset([3, 4, 5, 6, 7])),
  0.85587089593767385),
 ((frozenset([4, 6, 7, 8, 9]), frozenset([0, 1, 2, 3, 5])),
  0.85642737896494159),
 ((frozenset([0, 4, 5, 7, 8]), frozenset([1, 2, 3, 6, 9])),
  0.85698386199220922),
 ((frozenset([3, 4, 6, 8, 9]), frozenset([0, 1, 2, 5, 7])),
  0.85809682804674459),
 ((frozenset([0, 1, 3, 4, 6]), frozenset([2, 5, 7, 8, 9])),
  0.85920979410127996),
 ((frozenset([0, 1, 2, 3, 6]), frozenset([4, 5, 7, 8, 9])),
  0.86087924318308295),
 ((frozenset([0, 5, 7, 8, 9]), frozenset([1, 2, 3, 4, 6])),
  0.86143572621035058),
 ((frozenset([3, 5, 6, 7, 8]), frozenset([0, 1, 2, 4, 9])),
  0.86199220923761821),
 ((frozenset([0, 2, 4, 7, 9]), frozenset([1, 3, 5, 6, 8])),
  0.86254869226488595),
 ((frozenset([0, 1, 2, 3, 7]), frozenset([4, 5, 6, 8, 9])),
  0.86254869226488595),
 ((frozenset([0, 2, 4, 5, 7]), frozenset([1, 3, 6, 8, 9])),
  0.86366165831942121),
 ((frozenset([0, 2, 3, 5, 8]), frozenset([1, 4, 6, 7, 9])),
  0.86421814134668895),
 ((frozenset([3, 4, 6, 7, 9]), frozenset([0, 1, 2, 5, 8])),
  0.86421814134668895),
 ((frozenset([1, 3, 4, 6, 7]), frozenset([0, 2, 5, 8, 9])),
  0.86421814134668895),
 ((frozenset([1, 2, 4, 5, 8]), frozenset([0, 3, 6, 7, 9])),
  0.86700055648302732),
 ((frozenset([1, 3, 5, 7, 8]), frozenset([0, 2, 4, 6, 9])),
  0.86755703951029495),
 ((frozenset([1, 3, 4, 5, 7]), frozenset([0, 2, 6, 8, 9])),
  0.86811352253756258),
 ((frozenset([0, 1, 3, 7, 9]), frozenset([2, 4, 5, 6, 8])),
  0.86978297161936557),
 ((frozenset([0, 2, 3, 4, 9]), frozenset([1, 5, 6, 7, 8])),
  0.87200890372843631),
 ((frozenset([0, 2, 7, 8, 9]), frozenset([1, 3, 4, 5, 6])),
  0.87256538675570394),
 ((frozenset([0, 2, 3, 6, 7]), frozenset([1, 4, 5, 8, 9])),
  0.87256538675570394),
 ((frozenset([0, 2, 5, 6, 9]), frozenset([1, 3, 4, 7, 8])),
  0.87423483583750694),
 ((frozenset([0, 3, 5, 6, 7]), frozenset([1, 2, 4, 8, 9])),
  0.87924318308291594),
 ((frozenset([1, 3, 4, 6, 8]), frozenset([0, 2, 5, 7, 9])),
  0.87979966611018368),
 ((frozenset([0, 5, 6, 8, 9]), frozenset([1, 2, 3, 4, 7])),
  0.88313856427378967),
 ((frozenset([1, 2, 3, 4, 8]), frozenset([0, 5, 6, 7, 9])),
  0.8836950473010573),
 ((frozenset([0, 4, 5, 8, 9]), frozenset([1, 2, 3, 6, 7])),
  0.8836950473010573),
 ((frozenset([0, 3, 4, 8, 9]), frozenset([1, 2, 5, 6, 7])),
  0.88425153032832493),
 ((frozenset([2, 3, 4, 6, 7]), frozenset([0, 1, 5, 8, 9])),
  0.88647746243739567),
 ((frozenset([1, 2, 3, 5, 7]), frozenset([0, 4, 6, 8, 9])),
  0.8870339454646633),
 ((frozenset([2, 3, 6, 7, 8]), frozenset([0, 1, 4, 5, 9])),
  0.88814691151919867),
 ((frozenset([0, 1, 2, 4, 7]), frozenset([3, 5, 6, 8, 9])),
  0.88981636060100167),
 ((frozenset([0, 1, 2, 3, 8]), frozenset([4, 5, 6, 7, 9])),
  0.89037284362826929),
 ((frozenset([0, 3, 6, 8, 9]), frozenset([1, 2, 4, 5, 7])),
  0.89204229271007229),
 ((frozenset([0, 2, 4, 6, 8]), frozenset([1, 3, 5, 7, 9])),
  0.89204229271007229),
 ((frozenset([0, 1, 4, 6, 9]), frozenset([2, 3, 5, 7, 8])),
  0.89315525876460766),
 ((frozenset([0, 2, 3, 6, 9]), frozenset([1, 4, 5, 7, 8])),
  0.8937117417918754),
 ((frozenset([0, 3, 4, 6, 9]), frozenset([1, 2, 5, 7, 8])),
  0.8953811908736784),
 ((frozenset([0, 3, 5, 6, 8]), frozenset([1, 2, 4, 7, 9])),
  0.89649415692821366),
 ((frozenset([1, 2, 6, 8, 9]), frozenset([0, 3, 4, 5, 7])),
  0.8970506399554814),
 ((frozenset([3, 4, 5, 7, 9]), frozenset([0, 1, 2, 6, 8])),
  0.90150250417362265),
 ((frozenset([4, 5, 6, 7, 8]), frozenset([0, 1, 2, 3, 9])),
  0.90261547022815802),
 ((frozenset([1, 3, 5, 8, 9]), frozenset([0, 2, 4, 6, 7])),
  0.90261547022815802),
 ((frozenset([0, 2, 5, 6, 7]), frozenset([1, 3, 4, 8, 9])),
  0.90261547022815802),
 ((frozenset([1, 3, 4, 7, 9]), frozenset([0, 2, 5, 6, 8])),
  0.90317195325542576),
 ((frozenset([0, 1, 2, 4, 8]), frozenset([3, 5, 6, 7, 9])),
  0.90595436839176402),
 ((frozenset([1, 2, 4, 5, 6]), frozenset([0, 3, 7, 8, 9])),
  0.90984974958263776),
 ((frozenset([2, 3, 7, 8, 9]), frozenset([0, 1, 4, 5, 6])),
  0.90984974958263776),
 ((frozenset([0, 1, 4, 6, 7]), frozenset([2, 3, 5, 8, 9])),
  0.91096271563717302),
 ((frozenset([1, 3, 7, 8, 9]), frozenset([0, 2, 4, 5, 6])),
  0.91263216471897612),
 ((frozenset([1, 4, 6, 7, 8]), frozenset([0, 2, 3, 5, 9])),
  0.91485809682804675),
 ((frozenset([0, 1, 4, 7, 9]), frozenset([2, 3, 5, 6, 8])),
  0.91485809682804675),
 ((frozenset([1, 2, 4, 7, 8]), frozenset([0, 3, 5, 6, 9])),
  0.91708402893711738),
 ((frozenset([1, 4, 5, 7, 9]), frozenset([0, 2, 3, 6, 8])),
  0.91764051196438512),
 ((frozenset([0, 4, 6, 7, 9]), frozenset([1, 2, 3, 5, 8])),
  0.91875347801892038),
 ((frozenset([1, 2, 3, 5, 6]), frozenset([0, 4, 7, 8, 9])),
  0.92042292710072338),
 ((frozenset([1, 4, 6, 8, 9]), frozenset([0, 2, 3, 5, 7])),
  0.92320534223706174),
 ((frozenset([0, 1, 3, 8, 9]), frozenset([2, 4, 5, 6, 7])),
  0.92376182526432948),
 ((frozenset([1, 2, 4, 6, 7]), frozenset([0, 3, 5, 8, 9])),
  0.92487479131886474),
 ((frozenset([0, 1, 4, 8, 9]), frozenset([2, 3, 5, 6, 7])),
  0.92654424040066774),
 ((frozenset([1, 2, 5, 6, 8]), frozenset([0, 3, 4, 7, 9])),
  0.93099610461880911),
 ((frozenset([1, 2, 3, 7, 8]), frozenset([0, 4, 5, 6, 9])),
  0.93099610461880911),
 ((frozenset([0, 2, 3, 8, 9]), frozenset([1, 4, 5, 6, 7])),
  0.93377851975514747),
 ((frozenset([2, 3, 5, 7, 9]), frozenset([0, 1, 4, 6, 8])),
  0.94268224819143021),
 ((frozenset([0, 4, 5, 6, 7]), frozenset([1, 2, 3, 8, 9])),
  0.9443516972732332),
 ((frozenset([1, 2, 3, 6, 8]), frozenset([0, 4, 5, 7, 9])),
  0.9460211463550362),
 ((frozenset([0, 3, 5, 7, 9]), frozenset([1, 2, 4, 6, 8])),
  0.95047301057317757)]
